We have implemented both versions of milestone 3.

SPB = 64
Noise = 2.7
n = 7
   BER: 0.0778 0.0940 0.126 0.0935 0.0908
   Average BER: 0.0964
n = 31
   BER: 0.127 0.114 0.134 0.123 0.113
   Average BER: 0.122

Noise 2.0
n = 7
   BER: 0.0485 0.0537 0.0433 0.0413 0.0409
   Average BER: 0.04554
n = 31
   BER: 0.0939 0.0798 0.0832 0.0798 0.0895
   Average BER: 0.08524